686 808
612 683
504 394
252 387
1438 375
1152 325
1464 302
421 301
444 271.5
1354 256.118
1040 250.333
1341 248.8
1409 238.594
43 237.308
1119 235.556
302 230.5
432 222.106
601 216.5
162 216.471
1394 214.431
1283 211.667
132 211.667
1202 209.129
972 205.778
1211 203.5
1498 202.894
1480 202.056
82 201.571
575 201
895 200.782
684 200.772
221 200
1189 199.727
167 199.5
351 198.807
1041 196.125
226 195.983
8 195.333
392 195.222
991 194.989
639 194.667
755 194.153
843 194.147
1399 193.852
589 193.814
354 193.519
1488 193.275
965 193.255
314 193.121
1074 192.943
1087 192.6
71 190.927
1141 189.699
438 188.8
1305 188.276
290 187.333
153 187
171 185.957
1158 185.837
859 185.5
761 185.395
1014 184.222
889 183.728
1106 183.5
749 182.214
258 180.597
325 179.625
466 179.607
367 179.286
450 179.056
724 178.853
150 178.667
1227 178.545
299 177.979
1230 177.957
851 177.75
577 177.2
1122 176.954
187 176.929
1494 176.651
1462 176.533
638 176.512
1271 176.25
95 176.083
888 175.875
1316 175.7
462 175.375
225 175.333
1455 175.265
280 175.105
1147 174.95
1307 174.759
109 174.529
274 174.5
1027 174.375
506 174.243
547 174
701 173.5
604 173.121
196 172.443
388 172.406
595 171.674
307 171.4
209 170.88
101 170.6
414 170.5
1361 170.111
587 169.378
1234 168.806
235 168.667
22 168
947 167.744
661 167.721
705 167.667
967 167.24
827 167
316 166.875
1241 166.745
1117 166.5
797 166.333
1267 166
467 165.75
573 165.617
403 165.576
1352 165
743 164.8
287 164.645
924 164.487
397 164.2
330 164.125
676 164.091
1049 164.05
874 163.825
138 163.455
266 163.148
74 162.964
1153 162.655
1179 162.571
1404 162.4
1104 162.396
624 162.308
44 162.17
88 162.129
658 162.036
622 162
585 162
19 162
500 161.773
142 161.55
1050 161.108
680 161
1105 160.857
911 160.545
470 160.429
331 159.875
1285 159.691
625 159.562
597 159.429
93 159.309
6 159.091
1395 158.931
1048 158.854
572 158.733
51 158.611
1366 158.5
821 158.083
688 158.059
628 157.667
1465 157.66
309 157.368
1095 157.257
441 157.214
1140 157.077
710 156.2
817 156.167
55 155.708
1061 155.462
1066 155.444
1324 155.222
465 155.222
172 155.167
814 155
645 155
332 154.883
229 154.76
1280 154.519
1246 154.5
921 154.5
75 154.5
3 154.463
738 154.158
1015 154.143
1291 154
1072 154
400 153.868
457 153.824
1090 153.8
1417 153.727
436 153.53
347 153.278
1299 153.132
691 153
398 152.738
584 152.706
1132 152.429
773 152.429
559 152.357
632 152.333
1084 152.25
1007 152.222
191 152.158
181 151.857
445 151.382
501 151.258
350 151.217
969 151.143
793 151.125
987 151.087
381 150.033
985 150
766 149.85
594 149.743
1167 149.737
234 149.585
1184 149.551
1173 149.5
673 149.5
326 149.5
222 149.355
194 149.35
498 149.286
840 149.185
951 149.154
1483 149.105
1452 149
1229 149
818 148.674
1092 148.625
72 148.571
1257 148.552
102 148.5
240 148.4
649 148.167
149 148.143
352 148
296 148
87 148
946 147.727
979 147.429
881 147.429
359 147.415
1237 147.373
490 147.143
1296 147.127
97 146.875
105 146.811
1021 146.7
204 146.581
546 146.552
141 146.515
184 146.5
1387 146.444
322 146.4
1070 146.368
1421 146
1232 145.8
936 145.75
1430 145.672
1466 145.621
540 145.5
845 144.486
557 144.364
173 144.333
113 143.635
857 143.617
784 143.462
11 143.444
106 143.3
1059 143.193
385 143.167
734 143.067
1363 143.034
94 143
1426 142.963
927 142.889
320 142.667
395 142.517
427 142.467
405 142.167
637 142.143
1244 142.083
168 142.077
1218 142.036
1412 141.875
702 141.81
643 141.5
1277 141.4
525 141.294
906 141.263
1340 141.143
830 141
1065 140.913
769 140.556
882 140.5
446 140
922 139.875
1381 139.636
1495 139.6
366 139.5
508 139.375
1047 139.261
489 138.923
876 138.827
871 138.75
1314 138.667
574 138.55
763 138.118
618 138
1446 137.828
533 137.826
422 137.385
496 137.167
159 137.133
368 137.111
180 137
35 136.875
1377 136.588
68 136.5
1128 136.462
737 136.462
700 136.375
518 136.167
1288 136
356 135.789
261 135.444
343 135.417
1456 135.161
1337 135.133
1145 135.052
551 135
717 134.92
41 134.574
372 134.538
1318 134.219
1180 134.103
699 134.095
1457 134
1016 134
981 133.917
303 133.75
448 133.714
461 133.619
1037 133.524
917 133.5
565 133.396
1471 133.306
1242 133.3
1162 133.25
1304 133.213
1479 133.2
544 133.125
1044 133
722 132.857
607 132.815
630 132.524
455 132.444
583 132.25
257 132.129
9 132.111
188 132.071
1338 132
1449 131.75
1439 131.68
406 131.667
776 131.556
1135 131.357
292 131.3
1473 131.182
548 131.167
847 131.154
1067 131.1
648 131
1405 130.846
602 130.588
651 130.568
682 130.5
1077 130.375
1329 130.333
953 130.143
473 130.073
835 129.923
799 129.667
1440 129.467
954 129.444
1082 129.429
382 129.367
706 129.136
1424 129.105
116 129.1
974 129.091
1437 128.938
760 128.8
550 128.778
13 128.723
662 128.667
133 128.667
401 128.655
754 128.524
898 128.407
425 128.294
715 128.25
1259 128.222
1063 128
609 128
790 127.929
1431 127.886
1121 127.82
1212 127.75
58 127.727
1181 127.667
955 127.625
685 127.474
348 127.091
217 127.083
177 126.909
909 126.688
727 126.632
291 126.571
746 126.5
1165 126.333
1030 126.333
804 126.25
978 126.065
1164 126
104 126
155 125.907
532 125.842
1058 125.833
1260 125.8
306 125.625
1385 125.6
108 125.545
616 125.333
741 125.308
24 125.179
1390 125.118
119 125.023
1400 124.917
1333 124.875
512 124.867
360 124.75
959 124.667
526 124.583
185 124.462
136 124.46
134 124.35
1441 124
156 124
709 123.913
720 123.757
1339 123.667
854 123.667
1112 123.643
1209 123.5
586 123.4
362 123.333
1176 123.308
980 123.25
1327 123.182
118 123.111
321 123
1175 122.844
887 122.75
962 122.714
663 122.68
1136 122.324
482 122.231
420 122.13
487 122.103
135 122
696 121.94
897 121.762
371 121.756
1071 121.684
92 121.636
1311 121.538
1276 121.476
1139 121.429
910 121.321
250 121.269
798 121.136
1445 121
610 121
566 121
426 120.951
484 120.889
260 120.8
1275 120.727
215 120.692
822 120.65
1434 120.643
1116 120.6
1427 120.5
1196 120.5
627 120.5
576 120.429
945 120.417
120 120.4
208 120.383
590 120.333
100 120.333
99 120.182
914 120.1
1263 119.963
984 119.895
1492 119.857
1334 119.857
1233 119.714
49 119.545
464 119.429
1376 119.286
344 119.286
925 119.128
719 119.074
1265 119.024
1042 119
513 119
460 119
357 119
424 118.778
146 118.737
997 118.675
902 118.667
1024 118.6
1342 118.571
543 118.429
1356 118.333
650 118.28
771 118.263
128 118.25
32 118.196
642 118.115
443 118.083
1006 117.727
154 117.679
399 117.636
520 117.625
1220 117.6
219 117.571
1251 117.5
1151 117.263
1109 117.25
1336 117.143
675 117
950 116.963
896 116.935
129 116.913
148 116.857
1447 116.846
989 116.786
1219 116.75
248 116.704
535 116.7
363 116.667
1497 116.65
310 116.625
77 116.579
143 116.5
428 116.462
949 116.429
1114 116.308
704 116.185
712 116.125
1306 116
976 116
692 116
394 116
384 116
14 116
1096 115.879
514 115.867
96 115.767
1187 115.565
67 115.318
865 115.286
1428 115.125
84 115.071
202 115
831 114.857
114 114.636
582 114.607
764 114.571
1372 114.5
655 114.5
98 114.458
160 114.385
255 114.333
697 114.286
1099 114.276
478 114.2
600 114.182
626 114.167
739 114
110 114
570 113.853
1477 113.75
1460 113.75
386 113.737
1403 113.714
327 113.714
591 113.643
1369 113.632
1185 113.556
666 113.421
52 113.4
1295 113.333
31 113.333
73 113.308
1294 113.167
335 113.143
497 113.024
1467 113
186 112.97
277 112.957
264 112.941
452 112.933
412 112.921
863 112.846
165 112.818
28 112.8
1064 112.769
164 112.714
262 112.643
117 112.556
707 112.429
1444 112.4
1201 112.3
103 112.294
305 112.167
1461 112
983 112
723 112
242 111.923
284 111.821
1118 111.769
1320 111.75
1323 111.7
1182 111.7
758 111.684
973 111.5
447 111.444
279 111.417
1468 111.375
269 111.308
726 111.143
429 111.143
621 111.133
963 111.125
1344 111.091
273 111
1026 110.889
1004 110.8
635 110.714
545 110.667
479 110.6
907 110.565
1419 110.4
1020 110.385
647 110.333
517 110.333
256 110.333
212 110.333
733 110.25
1069 110.111
569 110.105
1056 110.103
440 110.095
1062 110
285 110
267 109.958
1210 109.917
1469 109.9
920 109.769
1347 109.744
1203 109.714
948 109.4
656 109.333
596 109.263
374 109.25
538 109.24
418 109.231
958 108.889
1489 108.844
1046 108.833
163 108.8
529 108.71
1286 108.588
1433 108.571
190 108.562
1000 108.5
301 108.5
459 108.452
481 108.429
342 108.412
828 108.364
48 108.212
1491 108.133
1107 108.125
2 108.125
1031 108.111
1475 108.1
391 108.045
166 108.045
1174 108
311 108
81 108
1308 107.938
708 107.929
568 107.92
592 107.824
25 107.8
1332 107.708
995 107.667
1322 107.65
1098 107.6
832 107.571
369 107.556
61 107.541
1130 107.452
1413 107.364
883 107.308
891 107.2
419 107.059
695 107.053
66 106.875
131 106.778
1154 106.75
1321 106.727
17 106.647
193 106.636
56 106.628
70 106.571
796 106.5
611 106.5
416 106.385
265 106.364
560 106.286
272 106.25
1401 106.115
1075 106.105
207 105.9
1035 105.879
1499 105.8
15 105.75
1487 105.688
1292 105.6
78 105.5
775 105.388
620 105.346
1389 105.333
1264 105.333
977 105.304
729 105.24
861 105.231
247 105.222
259 105.091
1357 105.053
541 105.053
1476 104.917
1213 104.75
742 104.75
151 104.667
1379 104.632
1129 104.625
268 104.625
731 104.514
940 104.429
238 104.364
1051 104.346
1448 104.294
780 104.267
553 104.167
130 104
1091 103.885
795 103.875
539 103.818
511 103.7
792 103.68
879 103.6
1161 103.571
918 103.231
1326 103.125
735 103.125
275 103.091
1171 103.083
819 103.071
664 103.056
923 103
629 103
864 102.938
27 102.75
530 102.714
765 102.609
1391 102.593
872 102.529
297 102.5
493 102.48
1490 102.429
873 102.333
785 102.273
759 102.222
1010 102.143
1126 102.125
37 102.077
836 102
376 102
899 101.917
1178 101.9
745 101.867
561 101.833
943 101.81
778 101.8
670 101.8
1402 101.75
555 101.75
1416 101.727
916 101.692
1343 101.667
1190 101.625
578 101.6
522 101.571
975 101.556
243 101.5
50 101.5
644 101.364
1146 101.167
315 101.167
767 101.118
834 101.077
937 100.857
880 100.857
844 100.852
1225 100.8
203 100.706
599 100.7
534 100.667
1451 100.6
753 100.583
1036 100.571
1001 100.529
1284 100.5
40 100.312
932 100.231
1025 100.125
619 100.077
295 100
614 99.84
239 99.5263
740 99.4545
1043 99.4444
1312 99.3158
846 99.2857
472 99.25
324 99.25
652 98.8889
779 98.68
713 98.6667
409 98.6667
453 98.5455
1268 98.5385
725 98.4091
933 98.3333
1239 98.1875
39 98.1765
1282 98.1724
690 98
228 98
161 98
768 97.9667
1378 97.9375
1086 97.8571
1486 97.75
789 97.7
480 97.4
477 97.3889
1415 97.3478
1039 97.3438
1023 97.3333
564 97.3
1256 97.2667
1057 97.2222
657 97.2105
998 97.0455
1482 97
107 97
179 96.9032
1367 96.9
681 96.8667
20 96.8667
1101 96.8261
59 96.7857
402 96.7391
659 96.6667
241 96.625
1270 96.6
860 96.4375
65 96.4286
30 96.4
988 96.2727
115 96.2
1038 96.125
415 96.1
999 96.0833
125 96.0769
1137 96
253 96
770 95.8462
1193 95.7778
1115 95.7778
1102 95.7778
45 95.7097
365 95.7083
833 95.4615
1150 95.4
170 95.1667
60 95.125
1269 95.1
752 95.1
1309 95
1159 95
449 94.9333
1301 94.8333
1022 94.8333
338 94.8333
608 94.7778
5 94.7143
336 94.6667
598 94.5909
960 94.5882
1393 94.5
1003 94.5
1388 94.4444
1458 94.3333
1236 94.25
1163 94.25
1436 94.2222
1364 94.2
334 94.1667
288 94.1333
323 94.0417
678 94
774 93.8571
744 93.8571
1204 93.8333
1111 93.8
214 93.8
7 93.8
919 93.7143
23 93.7143
341 93.625
718 93.5882
815 93.5714
646 93.5714
1459 93.5
123 93.4545
1392 93.3333
868 93.2
1149 93.1818
1493 93.0833
698 92.9231
451 92.8235
1226 92.8095
716 92.6667
337 92.5
935 92.4615
866 92.3333
1345 92.25
1474 92.1667
1454 92.1176
1206 92.0588
328 92
211 92
318 91.9167
826 91.85
853 91.7857
1408 91.7647
867 91.75
408 91.75
510 91.7143
858 91.6667
393 91.65
176 91.5882
294 91.5
233 91.4286
220 91.4167
904 91.3333
877 91.3333
189 91.1875
483 91.125
757 91.05
1166 91
158 91
542 90.9286
781 90.9
313 90.8889
1157 90.7778
1485 90.7143
1373 90.6667
122 90.6
278 90.5
850 90.4737
53 90.3571
1235 90.3333
905 90.3333
730 90.3333
1478 90.25
254 90.2353
1207 90.1667
829 90.1538
271 90.0526
469 90
169 90
245 89.6667
756 89.6364
523 89.5
411 89.4167
1110 89.3636
820 89.1429
139 89.1
1252 88.9
970 88.7333
111 88.6667
64 88.625
200 88.6071
1418 88.6
736 88.6
18 88.6
528 88.5
300 88.5
1287 88.4286
848 88.3333
475 88.25
900 88.2
1266 88.125
1371 88
952 88
762 88
689 88
1432 87.9048
1258 87.8889
80 87.8095
1073 87.75
588 87.75
521 87.6667
442 87.5
1134 87.4667
1463 87.375
380 87.3333
503 87.2727
232 87.25
85 87.2222
1133 87.1667
1273 87.1
884 87
383 87
433 86.9286
913 86.9167
175 86.8
824 86.7778
912 86.7143
1358 86.7
47 86.6316
1076 86.625
1255 86.5556
807 86.5556
903 86.5
593 86.2727
1370 86.25
1009 86.2059
1198 86.2
126 86.0909
1045 86.0625
29 85.8
439 85.7333
430 85.6667
694 85.6
1188 85.5
679 85.5
994 85.4
1243 85.3636
1414 85.3333
112 85.2308
934 85.2
519 85.1667
633 85.1429
944 85
317 85
1346 84.9231
1019 84.9
1293 84.8571
174 84.75
605 84.7273
434 84.6667
1011 84.6429
1411 84.5
1383 84.5
509 84.5
703 84.4286
1055 84.3571
1034 84.2424
1362 84.2
567 84.1818
319 84.125
1005 84
1028 83.9545
389 83.875
63 83.8462
1365 83.75
890 83.7143
437 83.5
144 83.4444
1238 83.4
892 83.4
615 83.3333
491 83.3333
1138 83.2667
1108 83.25
304 83.2
1484 83
1382 83
1170 83
875 83
806 83
333 82.7083
870 82.6667
1303 82.6
825 82.5833
198 82.5
1348 82.4211
1313 82.375
942 82.3333
390 82.3333
982 82.2941
423 82.25
794 82.2
192 82.1852
1012 82.1429
556 82.125
714 82.1111
244 82.1111
346 82.0909
1380 81.95
1029 81.9231
1453 81.7692
137 81.7143
1368 81.6
282 81.6
1398 81.4545
152 81.3889
147 81.2222
641 81.1538
476 81
463 81
364 81
195 81
145 81
33 81
1 81
571 80.8
558 80.7857
237 80.6667
1429 80.5455
1194 80.5455
1131 80.5385
1215 80.5
197 80.4
1089 80.3333
1335 80.2
1081 80.1667
606 80.1667
751 80.125
1355 80
1353 79.7727
961 79.7391
281 79.7
83 79.6667
1262 79.6
140 79.6
1248 79.5385
1396 79.5
862 79.5
1407 79.1667
124 79.1667
34 79.1667
1192 79
721 79
223 79
732 78.9474
358 78.8571
227 78.8571
1240 78.75
182 78.75
183 78.7143
90 78.5882
458 78.4286
1253 78.4167
1374 78.3333
728 78.2857
499 78.25
674 77.8571
524 77.8
747 77.7647
748 77.6154
1060 77.5
527 77.4
210 77.4
1217 77.25
340 77.1429
1148 77
537 76.8571
1279 76.7
603 76.5
349 76.5
16 76.5
1397 76.4167
941 76.4167
1221 76.375
339 76.3
928 76.1818
206 76.1176
1216 76
956 76
750 76
329 75.8
886 75.7778
1290 75.75
0 75.6364
488 75.5
494 75.4
613 75.375
4 75.3333
1423 75.1429
908 75.125
283 75
581 74.8462
1186 74.6154
1008 74.6
816 74.6
1124 74.4286
968 74.3846
270 74.2143
379 74.1667
1143 74.125
971 74.0556
1496 74
1254 74
957 74
205 74
246 73.8333
1032 73.5833
298 73.5
236 73.375
54 73.2857
1054 73.2
230 73.1
1302 72.5882
1386 72.5
1053 72.5
1325 72.4444
885 72.25
69 72.25
1078 72.1538
964 72
515 72
121 72
1359 71.8571
812 71.8571
308 71.7143
1317 71.5
929 71.3333
86 71.2857
1272 71
823 71
375 71
289 70.9565
1068 70.9412
1245 70.875
837 70.8571
1156 70.8462
1017 70.7143
410 70.5455
474 70.4444
783 70.4
435 70.2857
623 70.2632
653 70.2143
660 70.1667
1289 70
809 70
667 70
213 70
1228 69.875
1375 69.8333
370 69.7368
1191 69.5
640 69.5
468 69.5
1183 69.4286
1002 69.375
1350 69.3333
46 69.2
1297 69
1033 69
811 69
492 68.875
249 68.8333
1094 68.8
654 68.8
894 68.75
1360 68.2857
486 68.2308
1349 68.1176
353 68
1172 67.6667
502 67.5
1195 67.1667
915 67.1667
38 67.1429
869 67.0833
495 67
1113 66.6923
396 66.6667
1208 66.5
12 66.5
1310 66.4286
231 66.25
986 66.2
201 66.2
1300 66
1223 66
1052 66
216 66
802 65.8947
992 65.6667
531 65.45
251 65.3333
938 65.1667
901 65
1200 64.8
554 64.75
471 64.5714
1261 64.5
224 64.5
407 64.25
669 64.2222
990 64.1
1274 64
842 63.9167
1085 63.625
361 63.1111
355 63.0345
312 63
803 62.8125
1281 62.7143
838 62.6
665 62.6
1472 62.5
855 62.3333
345 62.3333
801 62.3
1155 62.0833
788 61.8889
1018 61.7778
772 61.75
852 61.5
1481 61.4
1199 61.2
805 61.1538
1422 61.125
91 61
413 60.5
505 60.3077
1319 60.125
839 60
89 59.8
1013 59.5
683 59.5
263 59.3333
1088 59.2222
1123 59.2
485 59.1667
813 59
687 59
36 58.75
1079 58.7
10 58.6364
671 58.5
431 58.4545
549 58.2857
1125 58.25
966 57.8
21 57.6111
1435 57.5
1224 57.5
1443 57.3333
404 57.1667
993 57
378 57
579 56.9091
1222 56.6667
1168 56.6364
1097 56.5
1093 56.5
782 56.5
1144 56.1429
1410 56
1169 56
1100 56
293 56
841 55.5238
377 55.3333
199 55.3333
931 55.3125
878 55.3077
677 55.2
1425 55
1249 54.8889
668 54.4
454 54.125
791 54
1160 53.5
387 53.4286
1351 53.2857
276 53.1429
1384 53
926 53
617 53
507 52.8333
178 52.5
1142 52.25
939 52
1328 51.6667
1250 50.7778
1205 50.6
42 49.5
62 49.25
1330 49
636 49
79 48.7
373 48.6923
1231 48.375
1080 47.875
1298 47.625
1406 47.1667
849 46.2667
1083 46
1450 45.6
1247 44.75
930 44.75
218 44.3
26 44
1315 43.5
800 42.4
1331 42.3333
1214 42.25
552 40.2
127 39.5
562 39.375
672 38.4286
1470 37.5714
57 37.5
777 36.8333
1442 36.5
996 35.5
76 35
1120 34
417 34
893 33.9
787 33.8333
563 33.6667
631 33.5
456 33.2857
856 33
536 32.5
580 30.8182
693 30.4
786 30.3636
711 29.75
1197 28
810 22.3333
516 22.2
1420 21.4286
808 21
1103 18
157 17.5
634 17.3333
1127 13.6667
286 12
1177 6
1278 2
